# UCT Results
# Problem: OP_Benchmark_Set\grid_100x100_center_b400.txt
# Iterations: 10000
# Exploration constant: 1.4142135623730951
# Execution time: 12.25s
#
Path= 0 2 102 103 4 5 106 207 107 208 308 409 508 608 707 808 709 708 609 710 610 611 711 810 911 912 1012 1113 1212 1312 1412 1313 1414 1314 1214 1315 1416 1517 1618 1519 1619 1720 1621 1521 1620 1721 1822 1922 2023 2122 2223 2322 2222 2323 2422 2423 2424 2425 2526 2527 2627 2628 2629 2730 2731 2832 2933 2934 2833 2734 2834 2935 3034 3035 3136 3036 3037 3138 3238 3337 3437 3436 3537 3536 3637 3638 3539 3538 3639 3739 3838 3939 4038 4037 3938 3839 3840 3841 3941 4042 3943 4044 4145 4246 4146 4247 4348 4449 4350 4250 4351 4452 4552 4553 4653 4754 4855 4954 5053 5054 5153 5252 5253 5154 5255 5156 5257 5356 5455 5355 5254 5354 5454 5353 5352 5251 5351 5450 5551 5651 5652 5653 5552 5453 5553 5554 5555 5655 5656 5556 5456 5457 5358 5357 5256 5155 5055 5056 5057 5158 5259 5260 5161 5061 4961 5060 5059 4959
Normalized_Reward= 99.20000000000013
Raw_Reward= 1984
Cost= 203.27922061357881
