# UCT Results
# Problem: OP_Benchmark_Set\parallel_friendly_v2\xlarge\xlarge_40x40_r0_84.txt
# Iterations: 100000
# Exploration constant: 1.4142135623730951
# Execution time: 14.95s
#
Path= 0 41 82 121 162 161 201 242 282 322 363 324 325 365 404 445 406 407 448 488 489 490 491 530 569 610 650 651 652 693 692 691 732 773 733 694 734 735 775 776 777 817 858 899 940 980 1020 1060 1061 1021 981 982 1022 1062 1063 1103 1102 1101 1141 1142 1143 1144 1104 1064 1024 1023 983 984 985 945 944 943 903 942 941 901
Normalized_Reward= 60.54545454545455
Raw_Reward= 1332
Cost= 83.69848480983498
