33	347
0.000	0.000	0
-5.016	15.112	0
-5.696	-9.377	16
-5.696	-8.377	15
-5.696	-7.377	14
-5.696	-6.377	16
-5.696	-5.377	17
-4.696	-9.377	16
-4.696	-8.377	17
-4.696	-7.377	16
-4.696	-6.377	16
-4.696	-5.377	13
-3.696	-9.377	17
-3.696	-8.377	12
-3.696	-7.377	15
-3.696	-6.377	12
-3.696	-5.377	14
-2.696	-9.377	16
-2.696	-8.377	12
-2.696	-7.377	12
-2.696	-6.377	15
-2.696	-5.377	12
-1.696	-9.377	13
-1.696	-8.377	16
-1.696	-7.377	13
-1.696	-6.377	14
-1.696	-5.377	16
3.389	-12.057	17
3.389	-11.057	21
3.389	-10.057	16
3.389	-9.057	17
3.389	-8.057	18
4.389	-12.057	17
4.389	-11.057	21
4.389	-10.057	21
4.389	-9.057	17
4.389	-8.057	16
5.389	-12.057	21
5.389	-11.057	22
5.389	-10.057	19
5.389	-9.057	22
5.389	-8.057	16
6.389	-12.057	20
6.389	-11.057	19
6.389	-10.057	18
6.389	-9.057	19
6.389	-8.057	17
7.389	-12.057	19
7.389	-11.057	19
7.389	-10.057	20
7.389	-9.057	19
7.389	-8.057	19
8.733	1.317	16
8.733	2.317	21
8.733	3.317	19
8.733	4.317	21
8.733	5.317	21
9.733	1.317	20
9.733	2.317	16
9.733	3.317	19
9.733	4.317	18
9.733	5.317	17
10.733	1.317	19
10.733	2.317	18
10.733	3.317	20
10.733	4.317	18
10.733	5.317	19
11.733	1.317	19
11.733	2.317	18
11.733	3.317	21
11.733	4.317	20
11.733	5.317	21
12.733	1.317	21
12.733	2.317	17
12.733	3.317	16
12.733	4.317	17
12.733	5.317	19
2.559	5.580	15
2.559	6.580	18
2.559	7.580	15
2.559	8.580	13
2.559	9.580	13
3.559	5.580	14
3.559	6.580	17
3.559	7.580	16
3.559	8.580	17
3.559	9.580	14
4.559	5.580	15
4.559	6.580	18
4.559	7.580	16
4.559	8.580	16
4.559	9.580	13
5.559	5.580	16
5.559	6.580	16
5.559	7.580	17
5.559	8.580	16
5.559	9.580	16
6.559	5.580	17
6.559	6.580	17
6.559	7.580	16
6.559	8.580	15
6.559	9.580	13
-13.346	-6.587	10
-13.346	-5.587	12
-13.346	-4.587	14
-13.346	-3.587	9
-13.346	-2.587	9
-12.346	-6.587	11
-12.346	-5.587	13
-12.346	-4.587	8
-12.346	-3.587	13
-12.346	-2.587	9
-11.346	-6.587	11
-11.346	-5.587	11
-11.346	-4.587	10
-11.346	-3.587	11
-11.346	-2.587	10
-10.346	-6.587	13
-10.346	-5.587	8
-10.346	-4.587	13
-10.346	-3.587	8
-10.346	-2.587	11
-9.346	-6.587	14
-9.346	-5.587	9
-9.346	-4.587	10
-9.346	-3.587	10
-9.346	-2.587	12
-5.016	11.112	9
-5.016	12.112	12
-5.016	13.112	8
-5.016	14.112	13
-4.016	11.112	7
-4.016	12.112	11
-4.016	13.112	8
-4.016	14.112	12
-4.016	15.112	9
-3.016	11.112	8
-3.016	12.112	7
-3.016	13.112	8
-3.016	14.112	7
-3.016	15.112	13
-2.016	11.112	8
-2.016	12.112	9
-2.016	13.112	9
-2.016	14.112	9
-2.016	15.112	9
-1.016	11.112	10
-1.016	12.112	10
-1.016	13.112	7
-1.016	14.112	10
-1.016	15.112	12
-10.969	2.846	11
-10.969	3.846	12
-10.969	4.846	14
-10.969	5.846	14
-10.969	6.846	11
-9.969	2.846	13
-9.969	3.846	10
-9.969	4.846	16
-9.969	5.846	14
-9.969	6.846	11
-8.969	2.846	14
-8.969	3.846	11
-8.969	4.846	10
-8.969	5.846	11
-8.969	6.846	16
-7.969	2.846	14
-7.969	3.846	12
-7.969	4.846	10
-7.969	5.846	10
-7.969	6.846	15
-6.969	2.846	13
-6.969	3.846	11
-6.969	4.846	13
-6.969	5.846	10
-6.969	6.846	13
-13.128	-1.961	20
-13.128	-0.961	20
-13.128	0.039	20
-13.128	1.039	16
-13.128	2.039	16
-12.128	-1.961	20
-12.128	-0.961	15
-12.128	0.039	15
-12.128	1.039	19
-12.128	2.039	17
-11.128	-1.961	20
-11.128	-0.961	16
-11.128	0.039	17
-11.128	1.039	20
-11.128	2.039	16
-10.128	-1.961	18
-10.128	-0.961	19
-10.128	0.039	19
-10.128	1.039	18
-10.128	2.039	19
-9.128	-1.961	19
-9.128	-0.961	20
-9.128	0.039	20
-9.128	1.039	19
-9.128	2.039	20
-2.398	-7.760	25
-1.100	-8.143	20
0.198	-8.526	24
1.495	-8.909	20
2.793	-9.292	20
4.091	-9.674	26
-4.971	-6.912	26
-6.246	-6.447	22
-7.521	-5.982	21
-8.796	-5.517	20
-10.071	-5.052	20
-3.650	-6.011	25
-3.605	-4.645	20
-3.560	-3.279	20
-3.515	-1.913	26
-3.469	-0.548	21
-3.424	0.818	25
-3.379	2.184	21
-3.333	3.550	25
-3.288	4.916	25
-3.243	6.282	20
-3.198	7.648	27
-3.152	9.014	25
-3.107	10.380	27
-3.062	11.746	24
-4.625	-6.450	21
-5.554	-5.523	26
-6.483	-4.596	20
-7.412	-3.669	25
-8.341	-2.742	23
-9.270	-1.815	26
-10.199	-0.888	21
5.874	-8.842	20
6.360	-7.626	25
6.846	-6.410	24
7.332	-5.194	22
7.818	-3.978	25
8.304	-2.762	24
8.790	-1.547	22
9.276	-0.331	23
9.761	0.885	27
10.247	2.101	27
5.325	-8.701	24
5.261	-7.344	25
5.197	-5.987	20
5.133	-4.630	27
5.070	-3.274	23
5.006	-1.917	23
4.942	-0.560	27
4.878	0.797	23
4.814	2.153	27
4.751	3.510	26
4.687	4.867	23
4.623	6.224	25
4.101	-9.637	21
2.814	-9.216	22
1.527	-8.795	27
0.239	-8.374	24
-1.048	-7.953	24
-2.335	-7.533	21
-3.622	-7.112	20
-4.910	-6.691	24
-6.197	-6.270	26
-7.484	-5.849	22
-8.772	-5.429	22
-10.059	-5.008	27
4.209	-9.336	20
3.029	-8.615	20
1.849	-7.894	21
0.670	-7.173	24
-0.510	-6.451	20
-1.690	-5.730	27
-2.870	-5.009	23
-4.049	-4.288	25
-5.229	-3.567	23
-6.409	-2.846	22
-7.589	-2.124	23
-8.768	-1.403	22
-9.948	-0.682	21
9.434	2.852	24
8.136	2.387	20
6.837	1.922	20
5.538	1.457	24
4.239	0.992	22
2.941	0.527	22
1.642	0.062	27
0.343	-0.403	22
-0.956	-0.868	27
-2.255	-1.333	20
-3.553	-1.797	26
-4.852	-2.262	27
-6.151	-2.727	23
-7.450	-3.192	24
-8.748	-3.657	26
-10.047	-4.122	21
9.367	3.112	26
8.001	2.907	27
6.634	2.702	24
5.268	2.497	25
3.902	2.292	24
2.535	2.088	24
1.169	1.883	24
-0.197	1.678	26
-1.564	1.473	24
-2.930	1.268	22
-4.296	1.063	21
-5.663	0.858	23
-7.029	0.654	22
-8.395	0.449	21
-9.762	0.244	21
3.499	6.769	25
2.439	5.958	23
1.378	5.147	24
0.318	4.336	26
-0.742	3.525	24
-1.803	2.713	22
-2.863	1.902	21
-3.924	1.091	22
-4.984	0.280	26
-6.044	-0.531	20
-7.105	-1.342	25
-8.165	-2.153	27
-9.225	-2.965	21
-10.286	-3.776	26
3.207	7.307	22
1.854	7.034	22
0.501	6.760	21
-0.852	6.487	20
-2.205	6.213	25
-3.558	5.940	25
-4.910	5.667	22
-6.263	5.393	20
-7.616	5.120	26
-11.292	-3.430	26
-11.237	-2.274	27
-11.182	-1.117	24
-3.754	11.923	26
-4.491	10.735	24
-5.229	9.546	27
-5.966	8.358	27
-6.703	7.169	25
-7.441	5.981	24
-8.178	4.793	22
-8.916	3.604	21
-9.653	2.416	23
-10.391	1.227	22
