37	406
0.000	0.000	0
-10.768	22.651	0
1.000	-2.000	10
1.000	-1.000	13
1.000	0.000	11
1.000	1.000	8
1.000	2.000	12
2.000	-2.000	11
2.000	-1.000	9
2.000	0.000	10
2.000	1.000	10
2.000	2.000	12
3.000	-2.000	13
3.000	-1.000	8
3.000	0.000	8
3.000	1.000	8
3.000	2.000	10
4.000	-2.000	14
4.000	-1.000	14
4.000	0.000	11
4.000	1.000	10
4.000	2.000	10
5.000	-2.000	8
5.000	-1.000	10
5.000	0.000	9
5.000	1.000	8
5.000	2.000	13
6.000	-2.000	9
6.000	-1.000	13
6.000	0.000	14
6.000	1.000	9
6.000	2.000	10
7.000	-2.000	10
7.000	-1.000	9
7.000	0.000	14
7.000	1.000	14
7.000	2.000	11
8.000	-2.000	14
8.000	-1.000	12
8.000	0.000	13
8.000	1.000	13
8.000	2.000	14
9.000	-2.000	15
9.000	-1.000	14
9.000	0.000	13
9.000	1.000	13
9.000	2.000	10
10.000	-2.000	11
10.000	-1.000	10
10.000	0.000	11
10.000	1.000	13
10.000	2.000	15
11.000	-2.000	11
11.000	-1.000	12
11.000	0.000	14
11.000	1.000	15
11.000	2.000	11
12.000	-2.000	11
12.000	-1.000	14
12.000	0.000	16
12.000	1.000	15
12.000	2.000	12
13.000	-2.000	14
13.000	-1.000	12
13.000	0.000	13
13.000	1.000	14
13.000	2.000	14
14.000	-2.000	13
14.000	-1.000	11
14.000	0.000	16
14.000	1.000	16
14.000	2.000	15
15.000	-2.000	13
15.000	-1.000	15
15.000	0.000	13
15.000	1.000	15
15.000	2.000	13
16.000	-2.000	15
16.000	-1.000	12
16.000	0.000	17
16.000	1.000	15
16.000	2.000	17
17.000	-2.000	16
17.000	-1.000	15
17.000	0.000	16
17.000	1.000	14
17.000	2.000	17
18.000	-2.000	17
18.000	-1.000	13
18.000	0.000	18
18.000	1.000	15
18.000	2.000	15
19.000	-2.000	17
19.000	-1.000	14
19.000	0.000	18
19.000	1.000	13
19.000	2.000	14
20.000	-2.000	18
20.000	-1.000	16
20.000	0.000	18
20.000	1.000	14
20.000	2.000	17
21.000	-2.000	14
21.000	-1.000	17
21.000	0.000	14
21.000	1.000	15
21.000	2.000	16
22.000	-2.000	19
22.000	-1.000	17
22.000	0.000	15
22.000	1.000	16
22.000	2.000	15
23.000	-2.000	19
23.000	-1.000	14
23.000	0.000	19
23.000	1.000	18
23.000	2.000	14
24.000	-2.000	15
24.000	-1.000	18
24.000	0.000	18
24.000	1.000	15
24.000	2.000	18
25.000	-2.000	18
25.000	-1.000	14
25.000	0.000	16
25.000	1.000	19
25.000	2.000	19
1.232	1.866	11
0.366	1.366	11
-0.500	0.866	12
-1.366	0.366	9
-2.232	-0.134	7
0.732	2.732	12
-0.134	2.232	9
-1.000	1.732	11
-1.866	1.232	10
-2.732	0.732	8
0.232	3.598	10
-0.634	3.098	9
-1.500	2.598	7
-2.366	2.098	11
-3.232	1.598	11
-0.268	4.464	10
-1.134	3.964	9
-2.000	3.464	10
-2.866	2.964	11
-3.732	2.464	14
-0.768	5.330	11
-1.634	4.830	14
-2.500	4.330	14
-3.366	3.830	12
-4.232	3.330	11
-1.268	6.196	9
-2.134	5.696	10
-3.000	5.196	14
-3.866	4.696	13
-4.732	4.196	12
-1.768	7.062	12
-2.634	6.562	13
-3.500	6.062	13
-4.366	5.562	10
-5.232	5.062	13
-2.268	7.928	12
-3.134	7.428	13
-4.000	6.928	11
-4.866	6.428	12
-5.732	5.928	13
-2.768	8.794	13
-3.634	8.294	13
-4.500	7.794	10
-5.366	7.294	12
-6.232	6.794	11
-3.268	9.660	12
-4.134	9.160	14
-5.000	8.660	10
-5.866	8.160	11
-6.732	7.660	14
-3.768	10.526	15
-4.634	10.026	11
-5.500	9.526	11
-6.366	9.026	15
-7.232	8.526	14
-4.268	11.392	13
-5.134	10.892	13
-6.000	10.392	15
-6.866	9.892	12
-7.732	9.392	14
-4.768	12.258	16
-5.634	11.758	11
-6.500	11.258	12
-7.366	10.758	11
-8.232	10.258	12
-5.268	13.124	14
-6.134	12.624	13
-7.000	12.124	14
-7.866	11.624	14
-8.732	11.124	14
-5.768	13.990	17
-6.634	13.490	12
-7.500	12.990	15
-8.366	12.490	14
-9.232	11.990	15
-6.268	14.856	15
-7.134	14.356	16
-8.000	13.856	15
-8.866	13.356	16
-9.732	12.856	16
-6.768	15.722	13
-7.634	15.222	17
-8.500	14.722	16
-9.366	14.222	12
-10.232	13.722	17
-7.268	16.588	13
-8.134	16.088	15
-9.000	15.588	14
-9.866	15.088	15
-10.732	14.588	17
-7.768	17.454	18
-8.634	16.954	17
-9.500	16.454	17
-10.366	15.954	15
-11.232	15.454	17
-8.268	18.321	15
-9.134	17.821	14
-10.000	17.321	18
-10.866	16.821	15
-11.732	16.321	16
-8.768	19.187	17
-9.634	18.687	13
-10.500	18.187	15
-11.366	17.687	15
-12.232	17.187	17
-9.268	20.053	17
-10.134	19.553	19
-11.000	19.053	17
-11.866	18.553	14
-12.732	18.053	15
-9.768	20.919	14
-10.634	20.419	19
-11.500	19.919	18
-12.366	19.419	19
-13.232	18.919	17
-10.268	21.785	15
-11.134	21.285	19
-12.000	20.785	15
-12.866	20.285	16
-13.732	19.785	14
-11.634	22.151	17
-12.500	21.651	18
-13.366	21.151	20
-14.232	20.651	14
-2.232	0.134	7
-1.366	-0.366	10
-0.500	-0.866	13
0.366	-1.366	9
1.232	-1.866	10
-2.732	-0.732	8
-1.866	-1.232	10
-1.000	-1.732	8
-0.134	-2.232	8
0.732	-2.732	9
-3.232	-1.598	13
-2.366	-2.098	11
-1.500	-2.598	10
-0.634	-3.098	11
0.232	-3.598	9
-3.732	-2.464	12
-2.866	-2.964	13
-2.000	-3.464	13
-1.134	-3.964	11
-0.268	-4.464	13
-4.232	-3.330	10
-3.366	-3.830	13
-2.500	-4.330	10
-1.634	-4.830	12
-0.768	-5.330	14
-4.732	-4.196	12
-3.866	-4.696	10
-3.000	-5.196	12
-2.134	-5.696	9
-1.268	-6.196	10
-5.232	-5.062	14
-4.366	-5.562	13
-3.500	-6.062	9
-2.634	-6.562	12
-1.768	-7.062	10
-5.732	-5.928	9
-4.866	-6.428	11
-4.000	-6.928	14
-3.134	-7.428	11
-2.268	-7.928	10
-6.232	-6.794	15
-5.366	-7.294	13
-4.500	-7.794	11
-3.634	-8.294	10
-2.768	-8.794	10
-6.732	-7.660	13
-5.866	-8.160	15
-5.000	-8.660	15
-4.134	-9.160	15
-3.268	-9.660	10
-7.232	-8.526	13
-6.366	-9.026	15
-5.500	-9.526	15
-4.634	-10.026	11
-3.768	-10.526	13
-7.732	-9.392	11
-6.866	-9.892	12
-6.000	-10.392	16
-5.134	-10.892	14
-4.268	-11.392	16
-8.232	-10.258	10
-7.366	-10.758	16
-6.500	-11.258	13
-5.634	-11.758	11
-4.768	-12.258	11
-8.732	-11.124	13
-7.866	-11.624	14
-7.000	-12.124	11
-6.134	-12.624	16
-5.268	-13.124	14
-9.232	-11.990	13
-8.366	-12.490	14
-7.500	-12.990	14
-6.634	-13.490	12
-5.768	-13.990	11
-9.732	-12.856	15
-8.866	-13.356	14
-8.000	-13.856	11
-7.134	-14.356	15
-6.268	-14.856	16
-10.232	-13.722	17
-9.366	-14.222	15
-8.500	-14.722	13
-7.634	-15.222	13
-6.768	-15.722	14
-10.732	-14.588	12
-9.866	-15.088	15
-9.000	-15.588	14
-8.134	-16.088	17
-7.268	-16.588	16
-11.232	-15.454	14
-10.366	-15.954	15
-9.500	-16.454	17
-8.634	-16.954	13
-7.768	-17.454	18
-11.732	-16.321	13
-10.866	-16.821	18
-10.000	-17.321	13
-9.134	-17.821	15
-8.268	-18.321	14
-12.232	-17.187	19
-11.366	-17.687	18
-10.500	-18.187	18
-9.634	-18.687	16
-8.768	-19.187	13
-12.732	-18.053	15
-11.866	-18.553	16
-11.000	-19.053	15
-10.134	-19.553	15
-9.268	-20.053	15
-13.232	-18.919	15
-12.366	-19.419	17
-11.500	-19.919	18
-10.634	-20.419	18
-9.768	-20.919	14
-13.732	-19.785	14
-12.866	-20.285	14
-12.000	-20.785	14
-11.134	-21.285	16
-10.268	-21.785	14
-14.232	-20.651	17
-13.366	-21.151	16
-12.500	-21.651	14
-11.634	-22.151	15
-10.768	-22.651	19
-4.386	18.989	24
16.522	3.620	16
15.166	2.361	18
-12.518	-12.737	15
-0.498	23.975	16
-16.830	-5.654	15
11.453	-5.360	23
6.508	-12.937	22
21.466	-2.801	20
5.170	-1.641	19
22.134	0.550	22
-10.653	16.006	22
-0.283	7.870	23
2.655	21.279	19
-2.977	11.916	17
-9.444	-1.853	23
21.114	-7.062	24
-4.140	5.419	18
-19.055	-10.578	18
-0.660	-8.672	21
-5.325	-9.618	20
-8.683	-7.418	20
9.114	14.054	23
-13.802	4.005	17
-0.776	6.966	21
0.311	7.895	22
3.824	-10.520	15
6.321	-3.982	24
-11.848	-16.558	18
-1.304	-9.306	24
